45
787
99
146
191
123
169
109
86
38
163
144
35
128
2
155
8
109
26
4
51
17
24
150
104
161
139
100
172
130
13
36
62
20
106
69
89
165
12
123
110
151
22
182
110
148
180
0 1 35
0 2 39
0 3 8
0 4 41
0 5 48
0 6 12
0 7 13
0 9 27
0 11 26
0 12 42
0 13 44
0 14 44
0 15 52
0 16 41
0 17 13
0 18 32
0 19 12
0 20 20
0 21 47
0 22 36
0 23 8
0 26 52
0 27 31
0 29 21
0 30 20
0 31 42
0 32 6
0 33 48
0 34 23
0 35 32
0 36 15
0 38 26
0 39 19
0 40 50
0 41 35
0 42 2
0 43 24
1 2 8
1 3 33
1 5 18
1 6 27
1 7 20
1 8 44
1 9 20
1 10 18
1 11 51
1 13 39
1 14 7
1 15 49
1 16 35
1 17 3
1 18 5
1 21 56
1 22 43
1 23 9
1 27 47
1 28 49
1 30 4
1 31 21
1 32 5
1 33 5
1 34 18
1 37 28
1 38 39
1 39 5
1 40 17
1 42 34
1 43 50
1 44 3
2 4 48
2 5 10
2 6 59
2 7 40
2 8 1
2 9 32
2 10 53
2 12 39
2 14 26
2 15 15
2 16 8
2 17 53
2 18 14
2 20 47
2 22 36
2 23 49
2 25 37
2 26 23
2 27 28
2 30 18
2 31 4
2 32 30
2 33 46
2 34 43
2 35 10
2 37 29
2 38 15
2 39 48
2 40 49
2 41 34
2 42 19
2 43 26
2 44 39
3 4 16
3 6 27
3 7 55
3 8 29
3 10 10
3 11 2
3 14 55
3 15 32
3 16 38
3 17 56
3 18 21
3 19 30
3 20 1
3 21 42
3 22 56
3 23 27
3 24 48
3 25 40
3 26 55
3 27 34
3 28 9
3 30 9
3 31 59
3 32 36
3 33 30
3 34 25
3 35 32
3 36 39
3 37 48
3 38 11
3 39 12
3 40 31
3 41 18
3 42 18
3 43 44
3 44 11
4 5 50
4 6 21
4 7 32
4 8 43
4 9 18
4 10 12
4 11 54
4 12 16
4 14 42
4 15 47
4 16 27
4 17 50
4 18 3
4 20 49
4 21 48
4 22 1
4 23 8
4 24 53
4 25 54
4 27 34
4 28 37
4 29 33
4 30 43
4 31 20
4 32 55
4 33 28
4 34 54
4 35 1
4 36 22
4 38 30
4 40 2
4 41 35
4 42 43
4 43 10
4 44 7
5 6 14
5 7 48
5 10 58
5 12 13
5 13 27
5 14 18
5 15 58
5 16 56
5 17 56
5 18 26
5 19 53
5 20 42
5 21 13
5 22 14
5 23 52
5 24 33
5 26 20
5 27 36
5 28 49
5 31 41
5 34 22
5 35 27
5 37 21
5 40 38
5 41 39
5 43 23
5 44 54
6 7 51
6 8 54
6 9 16
6 10 38
6 11 7
6 12 45
6 13 4
6 14 35
6 15 32
6 16 17
6 17 34
6 20 2
6 22 52
6 23 30
6 24 2
6 25 53
6 26 7
6 27 11
6 28 55
6 29 13
6 30 54
6 31 25
6 32 24
6 33 16
6 34 55
6 35 3
6 36 10
6 37 23
6 38 24
6 39 33
6 40 30
6 41 39
6 42 8
6 44 55
7 8 41
7 9 37
7 10 42
7 11 54
7 12 33
7 13 18
7 14 57
7 16 56
7 17 21
7 18 7
7 19 18
7 21 4
7 23 38
7 24 41
7 25 54
7 26 40
7 29 10
7 31 45
7 32 35
7 33 26
7 35 32
7 37 4
7 38 46
7 39 4
7 40 27
7 41 39
7 44 29
8 9 6
8 10 22
8 11 58
8 12 48
8 13 3
8 14 33
8 15 26
8 16 21
8 17 27
8 18 5
8 19 8
8 20 10
8 22 21
8 24 27
8 25 42
8 26 11
8 27 53
8 28 6
8 29 5
8 30 11
8 31 19
8 32 16
8 33 59
8 35 29
8 36 15
8 37 51
8 38 8
8 39 18
8 40 2
8 41 59
8 42 1
8 43 12
8 44 41
9 10 46
9 11 35
9 14 11
9 15 29
9 16 33
9 17 47
9 18 13
9 19 48
9 20 14
9 21 27
9 23 30
9 26 53
9 28 7
9 30 13
9 32 3
9 33 40
9 34 18
9 36 28
9 37 14
9 38 34
9 39 5
9 40 15
9 41 1
9 43 19
9 44 19
10 12 53
10 14 59
10 15 24
10 17 59
10 18 49
10 19 55
10 20 49
10 21 38
10 22 43
10 25 17
10 27 5
10 28 27
10 29 15
10 31 2
10 32 29
10 33 26
10 34 14
10 35 9
10 37 21
10 38 36
10 39 17
10 40 57
10 41 8
10 43 48
11 12 4
11 13 21
11 14 17
11 15 56
11 16 54
11 17 26
11 18 56
11 19 29
11 21 1
11 22 55
11 23 4
11 24 32
11 25 51
11 26 10
11 27 8
11 28 9
11 29 24
11 31 23
11 32 56
11 33 17
11 34 43
11 35 9
11 36 22
11 37 37
11 38 27
11 42 24
11 44 41
12 13 44
12 14 40
12 15 4
12 16 50
12 17 9
12 19 30
12 21 20
12 24 53
12 25 56
12 26 21
12 27 41
12 28 57
12 29 17
12 30 13
12 31 25
12 32 52
12 35 41
12 36 27
12 37 2
12 38 14
12 39 33
12 41 22
12 42 46
12 43 18
13 14 19
13 16 10
13 17 25
13 18 35
13 20 58
13 21 48
13 22 32
13 24 8
13 25 51
13 26 11
13 27 13
13 28 48
13 29 35
13 32 5
13 33 21
13 34 32
13 35 8
13 36 13
13 37 16
13 38 22
13 39 56
13 40 43
13 43 13
13 44 47
14 15 28
14 16 42
14 19 28
14 20 22
14 21 7
14 22 55
14 23 37
14 24 48
14 25 56
14 26 52
14 27 37
14 28 21
14 29 46
14 31 29
14 32 27
14 33 54
14 34 49
14 35 47
14 38 3
14 39 4
14 41 34
14 42 6
14 43 18
14 44 46
15 17 46
15 18 44
15 22 44
15 23 12
15 24 15
15 25 37
15 26 2
15 27 13
15 28 28
15 29 45
15 31 36
15 32 50
15 33 57
15 34 47
15 35 54
15 36 25
15 37 49
15 39 39
15 40 43
15 41 36
15 42 47
15 43 57
15 44 7
16 17 6
16 18 34
16 19 23
16 20 14
16 21 22
16 23 49
16 25 9
16 26 14
16 27 34
16 28 7
16 32 4
16 34 51
16 35 25
16 36 15
16 37 3
16 38 39
16 39 33
16 40 59
16 41 25
16 43 36
16 44 41
17 19 41
17 20 38
17 21 57
17 22 14
17 24 5
17 25 47
17 26 43
17 27 57
17 28 24
17 29 14
17 30 17
17 31 2
17 32 54
17 33 47
17 34 55
17 35 54
17 36 41
17 37 34
17 38 53
17 39 16
17 40 22
17 42 34
17 43 19
17 44 6
18 19 36
18 20 6
18 21 58
18 22 14
18 23 44
18 24 31
18 25 48
18 27 34
18 28 24
18 30 6
18 31 11
18 32 46
18 33 42
18 34 44
18 35 49
18 38 41
18 39 34
18 40 54
18 41 56
18 42 46
18 44 48
19 20 54
19 21 55
19 23 33
19 25 40
19 26 14
19 28 41
19 29 59
19 33 9
19 35 39
19 36 48
19 37 23
19 38 40
19 40 34
19 41 20
19 42 52
19 43 18
19 44 55
20 21 32
20 22 10
20 23 55
20 24 12
20 26 50
20 28 44
20 29 8
20 31 38
20 33 28
20 34 39
20 37 38
20 38 21
20 39 23
20 42 20
20 43 35
20 44 2
21 23 46
21 24 27
21 25 40
21 26 16
21 27 17
21 28 12
21 30 20
21 31 52
21 32 51
21 33 10
21 34 11
21 35 19
21 36 2
21 37 32
21 38 55
21 39 14
21 40 51
22 24 55
22 25 25
22 26 22
22 27 50
22 28 26
22 29 1
22 30 54
22 31 37
22 32 1
22 33 16
22 34 49
22 35 40
22 37 28
22 38 25
22 39 34
22 40 7
22 41 1
22 43 14
22 44 27
23 24 17
23 25 22
23 27 39
23 28 41
23 29 35
23 30 26
23 31 34
23 34 7
23 36 39
23 37 31
23 38 46
23 40 29
23 41 6
23 43 35
23 44 43
24 25 3
24 26 21
24 27 26
24 29 16
24 31 28
24 32 46
24 33 23
24 35 21
24 36 20
24 37 58
24 38 10
24 40 5
24 41 11
24 42 1
24 43 39
24 44 48
25 27 3
25 28 22
25 29 13
25 30 54
25 31 14
25 33 20
25 34 59
25 35 12
25 36 13
25 37 1
25 38 28
25 39 26
25 40 54
25 41 41
25 42 51
25 43 11
25 44 47
26 27 44
26 28 27
26 29 32
26 30 55
26 31 45
26 33 37
26 35 34
26 37 2
26 38 41
26 39 24
26 40 17
26 42 50
26 43 30
26 44 29
27 28 18
27 30 37
27 32 20
27 33 37
27 34 27
27 35 31
27 36 27
27 38 48
27 39 19
27 41 35
27 42 26
27 43 39
27 44 18
28 29 13
28 30 36
28 32 43
28 33 2
28 34 16
28 35 11
28 36 14
28 37 50
28 38 22
28 39 25
28 40 29
28 41 56
28 42 40
28 44 41
29 30 24
29 31 16
29 33 40
29 34 48
29 36 39
29 37 53
29 38 54
29 39 31
29 40 21
29 41 47
29 42 29
29 43 12
29 44 50
30 31 18
30 32 46
30 33 29
30 35 23
30 38 44
30 39 11
30 40 6
30 41 58
30 42 35
30 43 23
31 33 48
31 34 40
31 35 28
31 36 41
31 37 56
31 38 27
31 39 49
31 40 2
31 41 7
31 43 20
31 44 53
32 33 36
32 34 12
32 35 10
32 37 8
32 38 17
32 39 47
32 40 8
32 42 20
32 43 4
32 44 56
33 34 26
33 38 38
33 39 27
33 40 5
33 41 26
33 43 25
33 44 10
34 36 6
34 37 8
34 39 56
34 40 32
34 41 30
34 42 35
34 43 17
35 36 29
35 37 9
35 39 53
35 40 35
35 42 8
35 43 18
35 44 9
36 38 39
36 39 38
36 40 44
36 41 20
36 42 41
36 43 55
36 44 19
37 38 43
37 40 45
37 41 47
37 42 44
37 43 49
37 44 1
38 39 18
38 40 5
38 41 11
38 42 55
38 43 33
38 44 2
39 40 28
39 41 18
39 42 9
39 43 42
39 44 37
40 41 24
40 42 29
40 43 39
40 44 51
41 42 11
41 43 21
41 44 32
42 43 17
42 44 37
