98
196
6
131
185
140
71
6
122
196
161
129
185
145
170
144
116
40
100
51
2
3
165
10
116
6
110
196
169
96
6
164
169
122
20
151
39
136
69
85
20
70
62
172
199
69
44
167
5
165
113
124
141
96
115
64
113
99
80
153
101
125
82
147
123
119
71
175
123
66
108
6
73
28
74
160
169
143
115
7
25
62
67
73
94
43
26
73
47
149
3
110
146
49
18
103
40
126
139
179
0 92 1
1 5 35
1 35 36
1 49 22
2 31 23
2 37 13
2 90 20
3 18 12
3 22 46
3 29 1
3 32 12
3 73 32
4 7 5
4 40 42
5 20 55
5 56 40
5 77 13
6 31 20
6 36 18
6 54 15
7 47 36
7 60 5
7 67 1
8 21 43
8 22 25
8 23 5
8 33 30
8 84 33
8 87 47
9 77 48
10 28 21
10 57 53
10 79 19
11 33 26
11 44 1
11 81 35
12 14 41
12 31 33
12 43 46
12 79 50
13 14 57
13 34 39
13 53 21
13 56 31
13 89 26
13 91 29
14 18 50
14 33 50
14 75 31
14 79 57
14 86 32
14 91 57
15 48 22
16 24 45
16 33 23
16 56 24
16 65 13
16 76 47
16 82 5
16 85 36
17 19 14
17 49 30
17 57 40
18 49 16
18 51 2
19 30 7
19 41 54
19 83 45
20 22 49
20 23 7
20 29 1
20 30 35
20 36 47
20 42 26
20 53 9
20 70 34
21 39 18
21 75 45
21 88 17
22 35 53
22 47 57
22 59 8
22 69 26
23 39 15
23 75 39
23 92 52
24 54 55
25 34 6
25 74 32
25 75 35
26 80 26
27 61 52
27 71 28
28 30 52
28 41 12
29 62 51
29 68 5
29 69 33
29 79 30
29 87 27
30 41 55
30 90 7
31 41 3
31 75 28
32 44 13
33 35 49
33 39 49
33 41 25
33 45 41
33 64 14
33 95 15
34 76 45
36 41 22
36 52 33
36 57 20
36 94 55
37 60 53
37 67 32
37 84 47
37 95 1
38 51 58
38 78 54
39 53 12
39 81 37
40 57 5
41 85 37
42 75 30
42 76 51
43 44 11
43 55 44
43 64 39
44 52 54
44 64 50
44 68 1
45 53 15
45 87 48
45 89 45
46 54 42
46 55 48
46 58 22
46 93 15
46 94 9
47 80 21
47 88 34
48 58 46
48 66 16
48 72 33
49 58 53
49 59 32
50 64 47
50 82 24
50 90 18
51 86 8
51 87 14
52 69 23
52 73 36
52 76 22
53 74 38
54 95 45
55 70 40
55 80 48
55 81 57
57 71 45
57 79 35
58 72 7
58 96 50
59 93 5
60 81 35
61 73 33
62 90 59
62 91 45
63 87 15
64 79 21
64 86 18
65 71 58
67 77 24
67 90 13
68 86 12
68 91 17
70 97 12
72 95 18
73 86 20
73 91 15
73 93 27
74 80 25
76 94 57
77 90 54
77 91 39
77 92 36
78 91 23
81 97 21
82 83 35
82 87 9
89 91 55
92 97 24
93 95 46
