98
196
28
156
77
193
156
118
75
49
137
32
177
59
185
42
44
73
180
117
158
89
180
96
18
16
14
84
40
63
2
30
70
36
57
83
185
26
192
191
176
53
151
179
180
32
91
108
18
5
90
101
193
18
23
102
111
156
56
173
99
21
94
181
113
60
141
37
160
181
16
185
2
67
71
112
34
105
40
178
192
81
168
148
141
184
147
77
6
121
188
149
191
111
70
45
55
129
178
52
0 2 35
0 5 36
0 26 6
0 48 40
0 57 18
0 59 52
0 63 30
0 81 21
0 90 59
1 12 21
1 73 13
1 94 48
2 22 24
2 27 53
2 57 24
2 59 2
3 19 26
3 62 8
4 65 38
4 82 56
4 95 16
5 13 49
5 37 17
5 44 59
6 36 40
6 72 14
6 81 13
6 93 43
7 13 8
7 29 41
7 49 5
8 13 28
8 50 22
8 55 36
8 95 48
9 29 25
9 37 34
9 63 38
9 64 6
9 70 46
9 75 42
9 78 3
10 12 50
10 36 53
10 82 53
11 29 14
11 37 34
11 61 58
11 82 38
12 30 47
12 41 39
12 56 37
13 82 5
14 42 28
14 73 43
14 86 15
14 93 58
15 43 7
15 78 29
15 97 2
16 55 49
16 79 58
17 25 25
17 96 8
18 43 9
18 50 36
18 65 8
18 80 28
19 35 11
19 54 45
20 76 10
21 53 22
21 57 26
21 71 3
21 79 52
22 53 54
22 79 46
23 30 7
23 52 19
23 82 30
23 96 7
24 30 27
24 65 41
24 76 55
25 81 53
26 27 51
26 38 8
26 60 1
26 87 57
27 39 41
27 73 15
28 33 18
28 74 59
28 79 11
28 84 58
28 88 32
29 45 51
29 89 34
30 65 34
30 94 53
31 54 14
31 57 5
31 62 50
32 37 23
32 72 28
33 53 12
33 74 1
33 75 38
33 89 44
34 65 47
34 81 18
34 82 5
35 46 20
35 50 22
35 73 17
36 83 53
37 84 47
38 51 2
38 61 33
39 69 5
39 84 11
40 63 17
40 86 11
41 66 56
41 84 40
42 97 46
44 75 34
44 90 55
45 55 6
45 82 28
46 51 54
46 80 44
46 93 36
47 65 59
47 70 22
47 94 54
48 86 50
49 65 53
50 69 37
50 80 56
50 84 26
51 53 26
51 72 19
51 74 43
51 76 23
52 82 14
52 85 45
53 93 15
53 96 41
54 56 11
54 64 17
54 73 47
56 64 32
57 89 28
58 61 32
58 62 15
59 78 35
60 68 51
60 82 1
60 86 31
60 87 41
61 67 23
61 70 6
62 71 35
62 79 38
62 86 22
64 85 20
65 67 18
65 73 37
65 88 56
66 91 41
67 70 21
67 72 39
67 78 10
68 85 48
68 88 29
68 92 7
69 87 52
69 96 32
74 77 57
74 84 30
74 86 18
74 90 36
75 91 4
76 79 42
78 86 34
80 88 13
82 97 26
83 96 36
86 92 4
87 88 24
87 91 37
87 93 23
87 95 58
89 91 50
89 95 8
