40
126
121
189
193
140
122
78
92
152
183
123
133
4
107
166
129
6
31
126
85
167
57
90
13
95
22
81
162
142
194
108
129
149
149
188
102
119
97
139
113
109
0 3 7
0 10 2
0 31 15
1 11 33
1 15 22
1 22 14
1 27 49
1 39 34
2 4 44
2 5 43
2 11 14
2 14 1
2 22 16
2 30 15
2 32 19
2 37 50
3 6 49
3 10 56
3 13 19
3 14 28
3 20 44
3 22 9
3 26 53
3 31 49
3 34 57
3 36 22
3 39 37
4 9 13
4 16 19
4 20 57
4 22 29
4 25 23
4 26 32
4 31 55
5 28 35
5 29 27
5 30 34
5 33 41
6 21 27
6 22 35
6 26 20
6 34 14
6 37 15
7 8 35
7 11 14
7 12 18
7 19 58
7 20 15
7 24 33
7 27 39
7 33 15
7 38 26
8 9 50
8 18 47
8 20 35
8 21 8
8 23 56
8 24 43
9 20 33
9 27 44
9 35 15
10 15 18
10 19 32
10 32 29
10 39 44
11 33 50
12 15 16
12 21 23
12 27 26
13 17 53
13 21 27
13 22 6
13 28 42
13 33 11
14 16 55
15 17 4
15 23 37
15 26 2
15 32 26
15 34 3
15 39 57
16 24 27
16 32 30
16 33 48
16 37 34
17 18 19
17 20 51
17 23 53
17 36 55
17 38 49
18 23 52
18 25 25
18 34 25
18 36 8
19 21 24
19 24 17
19 29 56
20 23 29
20 28 33
20 29 36
20 32 48
20 35 48
20 38 6
21 37 17
22 39 56
23 28 57
23 31 22
23 38 47
24 29 55
24 32 26
26 29 38
26 32 21
26 37 38
29 32 2
29 34 24
29 35 16
29 38 38
29 39 34
30 33 15
31 32 35
31 34 3
32 35 47
33 34 5
33 39 9
34 36 55
36 39 50
